filename,chord,transition,matrix,chord_all,transition,matrix,label
rock.00000.wav,[[0.5952381,0.05952381,0.02380952,0.04761905,0.07142857,0.01190476,0.01190476,0.0952381,0.02380952,0.03571429,0.,0.02380952],[0.04285714,0.69285714,0.07142857,0.00714286,0.07142857,0.00714286,0.,0.04285714,0.02857143,0.02857143,0.,0.00714286],[0.,0.04285714,0.7952381,0.0047619,0.02857143,0.01904762,0.0047619,0.0047619,0.00952381,0.08095238,0.0047619,0.0047619,],[0.06060606,0.,0.15151515,0.54545455,0.,0.03030303,0.06060606,0.03030303,0.,0.06060606,0.03030303,0.03030303],[0.01244813,0.04149378,0.02489627,0.00829876,0.8340249,0.01659751,0.00414938,0.01659751,0.00414938,0.02904564,0.00414938,0.00414938],[0.02222222,0.04444444,0.,0.02222222,0.05555556,0.71111111,0.04444444,0.02222222,0.01111111,0.05555556,0.,0.01111111],[0.26315789,0.,0.,0.,0.,0.31578947,0.21052632,0.05263158,0.10526316,0.,0.05263158,0.,],[0.06060606,0.04040404,0.,0.,0.04040404,0.01010101,0.05050505,0.70707071,0.07070707,0.,0.02020202,0.,],[0.04938272,0.0617284,0.01234568,0.01234568,0.01234568,0.01234568,0.,0.07407407,0.69135802,0.0617284,0.,0.01234568],[0.0078125,0.01171875,0.0703125,0.0078125,0.02734375,0.015625,0.00390625,0.,0.015625,0.80859375,0.02734375,0.00390625],[0.,0.15789474,0.,0.05263158,0.,0.15789474,0.,0.,0.,0.21052632,0.31578947,0.10526316],[0.21052632,0.,0.05263158,0.05263158,0.05263158,0.,0.,0.,0.10526316,0.05263158,0.,0.47368421]],[[0.10612008,0.10546496,0.08978766,0.08268819,0.09766428,0.07348089,0.06976391,0.08140361,0.07594936,0.08517345,0.0607512,0.07175242],[0.08399157,0.12493475,0.11439507,0.08678936,0.09670484,0.06849139,0.05921888,0.0673001,0.08083309,0.09723148,0.06138977,0.05871968],[0.07057317,0.1134283,0.13731669,0.10023766,0.0943664,0.06258726,0.05447525,0.05477942,0.07719185,0.11611468,0.06463269,0.05429663],[0.07562507,0.1008547,0.1186797,0.10684895,0.10765307,0.06808252,0.06026158,0.06025792,0.07236019,0.10790387,0.06356659,0.05790584],[0.07725863,0.09798517,0.09733665,0.0941187,0.13758631,0.0838609,0.06484917,0.0656531,0.07019403,0.09273625,0.06229257,0.05612852],[0.08062979,0.09662036,0.09001602,0.08263403,0.11740679,0.10434453,0.07696559,0.07066463,0.07198925,0.08668353,0.06334794,0.05869756],[0.08856275,0.09518326,0.08878156,0.0828862,0.10321556,0.08901449,0.08360277,0.0818234,0.07324835,0.08567795,0.06279876,0.06520494],[0.09319844,0.09822845,0.08129598,0.07592647,0.09522506,0.07500326,0.07690176,0.10885965,0.0886361,0.07980825,0.06156198,0.06535461],[0.07625573,0.10367635,0.10029653,0.08067519,0.08913312,0.06627204,0.05878269,0.07799337,0.10719317,0.1124872,0.06567612,0.0615585,],[0.06728678,0.09675997,0.11569389,0.09227179,0.09158049,0.0623537,0.05319734,0.05400824,0.08806031,0.14723164,0.07392001,0.05763582],[0.0758659,0.09731477,0.10256793,0.08655325,0.09791872,0.07156716,0.06077323,0.0649192,0.08088163,0.11719541,0.07980529,0.0646375,],[0.094234,0.09845959,0.09142431,0.08370794,0.0936924,0.07047092,0.0665836,0.07373429,0.08101078,0.0964807,0.06879379,0.0814077,]],rock
rock.00001.wav,[[0.69662921,0.08988764,0.02247191,0.,0.02247191,0.01123596,0.,0.06741573,0.01123596,0.04494382,0.,0.03370787],[0.07142857,0.54285714,0.17142857,0.01428571,0.,0.02857143,0.02857143,0.,0.01428571,0.05714286,0.07142857,0.,],[0.00666667,0.06666667,0.76666667,0.06666667,0.00666667,0.,0.,0.02666667,0.00666667,0.03333333,0.00666667,0.01333333],[0.01960784,0.,0.07843137,0.58823529,0.11764706,0.01960784,0.01960784,0.,0.01960784,0.,0.09803922,0.03921569],[0.00657895,0.00986842,0.,0.01644737,0.89144737,0.00657895,0.,0.00328947,0.00986842,0.03618421,0.00328947,0.01644737],[0.,0.,0.11111111,0.05555556,0.11111111,0.27777778,0.11111111,0.05555556,0.,0.05555556,0.05555556,0.16666667],[0.,0.02222222,0.01111111,0.,0.,0.02222222,0.86666667,0.02222222,0.,0.03333333,0.01111111,0.01111111],[0.08196721,0.01639344,0.03278689,0.,0.,0.,0.06557377,0.72131148,0.04918033,0.01639344,0.,0.01639344],[0.05660377,0.,0.01886792,0.,0.09433962,0.01886792,0.,0.01886792,0.50943396,0.18867925,0.0754717,0.01886792],[0.,0.01149425,0.03448276,0.00383142,0.03831418,0.00383142,0.00766284,0.,0.04980843,0.79693487,0.03448276,0.01915709],[0.,0.04918033,0.01639344,0.03278689,0.04918033,0.01639344,0.01639344,0.03278689,0.03278689,0.19672131,0.45901639,0.09836066],[0.12048193,0.02409639,0.01204819,0.01204819,0.04819277,0.02409639,0.,0.,0.01204819,0.03614458,0.07228916,0.63855422]],[[0.10836355,0.0947493,0.07365013,0.07026898,0.07386033,0.06048229,0.06233432,0.07561878,0.08994532,0.10233901,0.08735358,0.1010344,],[0.08719117,0.10658056,0.0924527,0.07466869,0.07313105,0.06207468,0.06519337,0.0718783,0.09278412,0.11028318,0.08407658,0.07968562],[0.06801921,0.09255887,0.13051491,0.09614726,0.07779176,0.05642957,0.05691229,0.06415864,0.0864296,0.11431043,0.08350617,0.07322127],[0.0598033,0.06747458,0.0849295,0.11401881,0.12704743,0.07504723,0.05482532,0.06054214,0.08426506,0.10432786,0.08870994,0.07900884],[0.05469524,0.05817916,0.06015721,0.10987721,0.16625569,0.09140807,0.05387883,0.05947121,0.08391329,0.09879687,0.08419362,0.0791736,],[0.06101344,0.06698267,0.06165696,0.09046873,0.12815417,0.09414926,0.07549219,0.06999961,0.08723595,0.10145204,0.08529567,0.0780993,],[0.06856852,0.07592761,0.06802699,0.07231794,0.08160692,0.08167957,0.10614152,0.09192641,0.0904525,0.10145117,0.0845417,0.07735916],[0.07509692,0.07478705,0.06702161,0.07027193,0.07851843,0.0673414,0.08275903,0.10102969,0.10395356,0.1098275,0.08934101,0.08005189],[0.0662205,0.07156205,0.0659113,0.07222723,0.0827561,0.06207577,0.05893386,0.07805539,0.12360451,0.13979726,0.10110312,0.07775293],[0.06279157,0.07225854,0.07382548,0.07624227,0.082964,0.0608234,0.05502183,0.06887842,0.11872707,0.14778173,0.10469037,0.07599532],[0.06766695,0.06926469,0.06666624,0.08001648,0.08804063,0.06397981,0.05780867,0.06956274,0.1062388,0.12996462,0.11150824,0.08928213],[0.08764106,0.07543812,0.06668608,0.07953791,0.0922042,0.06554964,0.05911883,0.06850506,0.090152,0.10551861,0.09894006,0.11070844]],rock
rock.00002.wav,[[0.50793651,0.03174603,0.11111111,0.01587302,0.04761905,0.04761905,0.,0.01587302,0.01587302,0.07936508,0.01587302,0.11111111],[0.10344828,0.44827586,0.13793103,0.03448276,0.,0.03448276,0.,0.,0.10344828,0.06896552,0.,0.06896552],[0.00720721,0.00900901,0.84324324,0.0018018,0.,0.,0.0036036,0.0018018,0.0018018,0.0972973,0.00720721,0.02702703],[0.,0.,0.13333333,0.53333333,0.13333333,0.,0.,0.,0.,0.06666667,0.,0.13333333],[0.02439024,0.04878049,0.,0.,0.75609756,0.04878049,0.,0.04878049,0.,0.,0.04878049,0.02439024],[0.03333333,0.03333333,0.03333333,0.,0.03333333,0.6,0.06666667,0.03333333,0.06666667,0.1,0.,0.,],[0.05,0.,0.1,0.,0.,0.05,0.65,0.,0.,0.15,0.,0.,],[0.04761905,0.,0.14285714,0.,0.,0.04761905,0.04761905,0.61904762,0.04761905,0.,0.,0.04761905],[0.,0.08695652,0.15217391,0.04347826,0.,0.,0.,0.04347826,0.36956522,0.08695652,0.02173913,0.19565217],[0.03375527,0.00421941,0.16033755,0.00421941,0.,0.01265823,0.00421941,0.,0.03375527,0.62025316,0.02953586,0.09704641],[0.13793103,0.03448276,0.13793103,0.,0.10344828,0.,0.,0.,0.03448276,0.,0.27586207,0.27586207],[0.03902439,0.,0.09268293,0.00487805,0.00487805,0.,0.00487805,0.00487805,0.05853659,0.09268293,0.02926829,0.66829268]],[[0.1117521,0.09204595,0.11183543,0.06727055,0.05743656,0.05445126,0.05461525,0.06123527,0.08178067,0.11067752,0.09251052,0.10438892],[0.10003176,0.09912002,0.13289085,0.07411565,0.05295587,0.05121157,0.05350673,0.05523574,0.08155451,0.11321954,0.08920396,0.0969538,],[0.0877365,0.0961477,0.16431848,0.08392488,0.04935818,0.0468063,0.05472283,0.04998802,0.07865154,0.12006927,0.08290078,0.08537553],[0.09081408,0.09366768,0.14772361,0.08400514,0.05472397,0.05027631,0.05600818,0.05399204,0.0795319,0.11662245,0.08443616,0.08819847],[0.10163644,0.08814586,0.1130446,0.07235841,0.07398892,0.06070095,0.05761567,0.06421847,0.08253299,0.10719278,0.08644733,0.09211757],[0.10024563,0.08851326,0.10975485,0.06835327,0.06309041,0.07535965,0.06515314,0.0619084,0.08496378,0.10783183,0.08157368,0.0932521,],[0.09513041,0.08715331,0.12002804,0.07164625,0.05705722,0.06205106,0.07135618,0.06196247,0.08102944,0.11271212,0.08585049,0.09402301],[0.10472781,0.08813228,0.10850845,0.0684126,0.06162503,0.05679162,0.06040075,0.07113512,0.08390053,0.1060987,0.0909491,0.09931803],[0.09870209,0.09074108,0.1161759,0.0688451,0.0558207,0.05454947,0.05586766,0.06040307,0.09062074,0.11649148,0.09106485,0.10071788],[0.09627405,0.09012435,0.12647538,0.07234061,0.05280931,0.05120201,0.05659091,0.05486219,0.08464318,0.12807466,0.09104832,0.09555503],[0.103982,0.0923348,0.11540304,0.06890811,0.05506073,0.04938708,0.05462405,0.05924126,0.0822441,0.11485436,0.09910143,0.10485904],[0.10702818,0.09191688,0.11024535,0.06686887,0.05336936,0.05187988,0.0550783,0.0598951,0.08472374,0.11037159,0.09663869,0.11198405]],rock
rock.00003.wav,[[0.81547619,0.03571429,0.01785714,0.,0.00595238,0.01785714,0.01785714,0.03571429,0.01785714,0.00595238,0.,0.0297619,],[0.21428571,0.53571429,0.,0.,0.07142857,0.03571429,0.,0.07142857,0.03571429,0.,0.,0.03571429],[0.,0.,0.75925926,0.12962963,0.01851852,0.01851852,0.01851852,0.,0.03703704,0.01851852,0.,0.,],[0.03508772,0.01754386,0.05263158,0.73684211,0.0877193,0.,0.,0.03508772,0.03508772,0.,0.,0.,],[0.01351351,0.,0.00675676,0.04054054,0.65540541,0.17567568,0.02702703,0.00675676,0.02702703,0.04054054,0.,0.00675676],[0.01630435,0.,0.,0.,0.13043478,0.70652174,0.11413043,0.02173913,0.,0.00543478,0.00543478,0.,],[0.03448276,0.,0.02298851,0.,0.03448276,0.16091954,0.52873563,0.10344828,0.03448276,0.04597701,0.03448276,0.,],[0.01538462,0.02307692,0.00769231,0.,0.01538462,0.03076923,0.07692308,0.7,0.08461538,0.03076923,0.00769231,0.00769231],[0.00662252,0.01324503,0.,0.,0.0397351,0.00662252,0.01324503,0.06622517,0.70860927,0.14569536,0.,0.,],[0.01809955,0.,0.,0.,0.02714932,0.01809955,0.,0.00904977,0.08144796,0.77375566,0.0678733,0.00452489],[0.025,0.025,0.075,0.025,0.,0.,0.,0.05,0.,0.25,0.375,0.175,],[0.30434783,0.,0.,0.04347826,0.,0.04347826,0.,0.04347826,0.,0.04347826,0.2173913,0.30434783]],[[0.13548571,0.08422762,0.05394547,0.05659096,0.08401076,0.0833629,0.08702064,0.10198312,0.09113652,0.07699955,0.06194801,0.08328872],[0.10924325,0.08713445,0.06443465,0.06490999,0.09073063,0.09019875,0.08811615,0.0981266,0.09315996,0.08145833,0.06298829,0.06949895],[0.06716918,0.06327364,0.09132689,0.09436134,0.10712631,0.10197458,0.09260749,0.09274332,0.09003957,0.08207489,0.06188255,0.05542024],[0.05714834,0.04971528,0.07109607,0.10392084,0.12797882,0.11530772,0.09444006,0.09210789,0.09197708,0.08350228,0.06144719,0.05135845],[0.05813163,0.04708153,0.05435719,0.08439276,0.13905026,0.13340539,0.10444638,0.09603591,0.09130481,0.0826375,0.058616,0.05054064],[0.05652344,0.04600094,0.05120675,0.07502327,0.1312527,0.14322415,0.11751428,0.10418472,0.09170517,0.07840724,0.05632827,0.04862907],[0.06216403,0.04800697,0.05010196,0.06540953,0.10842228,0.12382186,0.12236704,0.11892888,0.1031401,0.08511621,0.05945674,0.05306441],[0.07007594,0.05156414,0.04759597,0.05985397,0.09466551,0.10410986,0.11263957,0.12757445,0.11682049,0.09393672,0.06368264,0.05748073],[0.0622179,0.0487388,0.04478459,0.05835411,0.08835094,0.08975185,0.09533455,0.11393276,0.1370511,0.12326162,0.07915096,0.05907084],[0.05852344,0.04752239,0.04516066,0.05832051,0.08822667,0.08487283,0.0862518,0.09993102,0.13355271,0.14110674,0.09366,0.06287124],[0.06566134,0.0517061,0.04921474,0.06160642,0.08824916,0.08534834,0.08383049,0.09386705,0.11901228,0.13015614,0.0993533,0.07199463],[0.09926042,0.06449032,0.05177218,0.06065135,0.08755447,0.08520458,0.0869067,0.09701031,0.10164708,0.09846127,0.08124552,0.08579582]],rock
rock.00004.wav,[[0.73170732,0.02439024,0.00813008,0.,0.00813008,0.,0.01626016,0.10569106,0.03252033,0.02439024,0.,0.04878049],[0.06521739,0.72826087,0.06521739,0.,0.01086957,0.,0.01086957,0.04347826,0.04347826,0.0326087,0.,0.,],[0.,0.04964539,0.77304965,0.09219858,0.,0.,0.0070922,0.0212766,0.0070922,0.02836879,0.0141844,0.0070922,],[0.,0.,0.16,0.56,0.16,0.,0.,0.01333333,0.04,0.05333333,0.,0.01333333],[0.,0.01754386,0.01754386,0.10526316,0.49122807,0.14035088,0.,0.01754386,0.,0.14035088,0.05263158,0.01754386],[0.03030303,0.,0.03030303,0.,0.09090909,0.51515152,0.18181818,0.06060606,0.,0.06060606,0.,0.03030303],[0.02702703,0.,0.,0.02702703,0.,0.05405405,0.51351351,0.2972973,0.05405405,0.02702703,0.,0.,],[0.02941176,0.01764706,0.00882353,0.00294118,0.,0.,0.01470588,0.81470588,0.09117647,0.01470588,0.00294118,0.00294118],[0.04597701,0.05747126,0.,0.08045977,0.,0.01149425,0.,0.26436782,0.40229885,0.10344828,0.03448276,0.,],[0.01666667,0.00833333,0.01666667,0.0125,0.04166667,0.0125,0.00416667,0.0125,0.025,0.77916667,0.07083333,0.,],[0.1,0.,0.05,0.,0.025,0.025,0.025,0.05,0.05,0.325,0.275,0.075,],[0.11538462,0.03846154,0.03846154,0.07692308,0.03846154,0.03846154,0.03846154,0.,0.,0.03846154,0.11538462,0.46153846]],[[0.12155733,0.10225181,0.07601199,0.06481983,0.05415303,0.05009408,0.06558278,0.11559956,0.10494309,0.08550196,0.07171855,0.08776599],[0.10252671,0.11735596,0.10148765,0.0764502,0.05524456,0.04939399,0.05875162,0.09873321,0.10180975,0.09366026,0.07137982,0.07320626],[0.07769158,0.10434321,0.12846515,0.10418814,0.06147071,0.04983301,0.05565586,0.08558758,0.09273723,0.10205154,0.0768979,0.0610781,],[0.06987722,0.08209159,0.10811184,0.11334466,0.08072231,0.05867453,0.05437926,0.0839885,0.09677098,0.10475004,0.0831363,0.06415277],[0.06815448,0.06839335,0.07092134,0.08768128,0.09629193,0.07977536,0.06099027,0.09363648,0.10554065,0.10792316,0.08914101,0.07155069],[0.06932204,0.06844941,0.06419191,0.07027257,0.08492871,0.0875221,0.0768677,0.10292814,0.10696966,0.1073841,0.08902166,0.072142,],[0.07922807,0.07194865,0.06544773,0.06014462,0.05940265,0.06717077,0.09537676,0.14144522,0.11623979,0.09390293,0.07722556,0.07246725],[0.08422096,0.07150854,0.05999318,0.05673332,0.05583222,0.05434263,0.08323524,0.16875088,0.13647926,0.08875865,0.07020454,0.06994057],[0.07587977,0.07295805,0.0635101,0.06383477,0.06242943,0.05600788,0.06678262,0.13293608,0.13751009,0.11426924,0.08415824,0.06972373],[0.06566311,0.0709418,0.07308481,0.07315685,0.06840996,0.06034543,0.05659775,0.08980819,0.11940786,0.14464703,0.10638592,0.07155127],[0.0710792,0.06931241,0.06919969,0.07232831,0.07154358,0.06334965,0.05856503,0.09063536,0.1112207,0.13288975,0.10981716,0.08005917],[0.09919134,0.08252066,0.06571459,0.06453978,0.06523883,0.06002996,0.06521024,0.10558796,0.10707438,0.10298345,0.09068279,0.09122601]],rock
rock.00005.wav,[[0.91566265,0.02610442,0.00200803,0.,0.01204819,0.00200803,0.0060241,0.00803213,0.00200803,0.01004016,0.00200803,0.01405622],[0.16666667,0.35185185,0.12962963,0.,0.07407407,0.,0.03703704,0.07407407,0.01851852,0.11111111,0.03703704,0.,],[0.02209945,0.03867403,0.74033149,0.01657459,0.03867403,0.,0.00552486,0.00552486,0.,0.09944751,0.01104972,0.02209945],[0.,0.,0.16666667,0.58333333,0.25,0.,0.,0.,0.,0.,0.,0.,],[0.06122449,0.02040816,0.10204082,0.,0.58163265,0.02040816,0.01020408,0.01020408,0.,0.15306122,0.02040816,0.02040816],[0.,0.,0.,0.,0.2,0.4,0.2,0.,0.,0.,0.2,0.,],[0.0952381,0.0952381,0.19047619,0.,0.0952381,0.,0.42857143,0.04761905,0.,0.,0.,0.04761905],[0.20689655,0.10344828,0.,0.,0.,0.,0.06896552,0.51724138,0.03448276,0.,0.03448276,0.03448276],[0.,0.07692308,0.07692308,0.,0.,0.,0.,0.23076923,0.46153846,0.07692308,0.,0.07692308],[0.01393728,0.0174216,0.06271777,0.00696864,0.04529617,0.,0.00348432,0.,0.01045296,0.82229965,0.00348432,0.01393728],[0.,0.05263158,0.05263158,0.,0.15789474,0.,0.,0.05263158,0.,0.10526316,0.47368421,0.10526316],[0.14864865,0.01351351,0.04054054,0.,0.01351351,0.,0.01351351,0.,0.01351351,0.05405405,0.,0.7027027,]],[[0.19046292,0.11046183,0.0857808,0.06427271,0.08249004,0.0422018,0.05125078,0.06764186,0.05861855,0.08174771,0.06364055,0.10143046],[0.12617116,0.11115871,0.1098606,0.0766389,0.08628961,0.04503121,0.05411084,0.06095558,0.06879859,0.10393397,0.07175118,0.08529964],[0.09316831,0.10335243,0.12725889,0.08647538,0.08686651,0.04435605,0.05395518,0.05551114,0.07456715,0.11742934,0.0760583,0.08100132],[0.096541,0.09982327,0.11871157,0.08910213,0.09582834,0.04605049,0.05374713,0.05525901,0.07347589,0.11366154,0.07560403,0.0821956,],[0.10867269,0.09896235,0.10522812,0.08377266,0.11128879,0.04873324,0.05058231,0.05401367,0.07084599,0.11157462,0.07408533,0.08224023],[0.10893404,0.10139759,0.10422221,0.07862262,0.09362056,0.05459861,0.06064179,0.05974229,0.07013955,0.10589523,0.07507718,0.08710832],[0.10987457,0.10087406,0.10605179,0.07707571,0.08221598,0.04995042,0.06862342,0.06746417,0.07051651,0.10220226,0.07293002,0.09222111],[0.13172181,0.10282062,0.09887387,0.07233015,0.08020944,0.04649349,0.06186245,0.07872304,0.07213565,0.0937302,0.06945244,0.09164686],[0.09564552,0.09717088,0.11048394,0.07945289,0.08700324,0.0450101,0.05421792,0.06070182,0.08434924,0.12690914,0.07676317,0.08229213],[0.08604791,0.09570072,0.11392197,0.0804562,0.08972109,0.04400176,0.05101749,0.05119289,0.08294115,0.14523637,0.08087526,0.07888719],[0.10050492,0.09869211,0.10823882,0.07905264,0.08898897,0.04641305,0.05398463,0.05582412,0.07444754,0.12037983,0.0839778,0.08949557],[0.13425422,0.09926045,0.09743401,0.07218616,0.08371733,0.04531916,0.05666243,0.06210807,0.06679771,0.09838804,0.07505937,0.10881304]],rock
rock.00006.wav,[[0.6,0.14666667,0.01333333,0.05333333,0.01333333,0.,0.01333333,0.04,0.02666667,0.02666667,0.,0.06666667],[0.03896104,0.80952381,0.03463203,0.02164502,0.00865801,0.01298701,0.01731602,0.00865801,0.01298701,0.01298701,0.01298701,0.00865801],[0.,0.06140351,0.74561404,0.09649123,0.00877193,0.,0.00877193,0.02631579,0.02631579,0.,0.00877193,0.01754386],[0.01718213,0.02061856,0.02749141,0.79725086,0.0137457,0.00687285,0.0137457,0.00687285,0.05841924,0.00343643,0.02749141,0.00687285],[0.03703704,0.03703704,0.03703704,0.11111111,0.48148148,0.03703704,0.03703704,0.03703704,0.18518519,0.,0.,0.,],[0.05714286,0.02857143,0.02857143,0.02857143,0.02857143,0.68571429,0.02857143,0.,0.02857143,0.,0.08571429,0.,],[0.01515152,0.07575758,0.03030303,0.04545455,0.01515152,0.,0.72727273,0.06060606,0.03030303,0.,0.,0.,],[0.01086957,0.01086957,0.02173913,0.06521739,0.01086957,0.,0.01086957,0.7173913,0.06521739,0.0326087,0.0326087,0.02173913],[0.04022989,0.02298851,0.01724138,0.12068966,0.01149425,0.01149425,0.01149425,0.02298851,0.6954023,0.02873563,0.01149425,0.00574713],[0.03076923,0.01538462,0.01538462,0.01538462,0.01538462,0.,0.,0.,0.12307692,0.70769231,0.07692308,0.,],[0.,0.03529412,0.02352941,0.05882353,0.,0.02352941,0.03529412,0.04705882,0.03529412,0.04705882,0.67058824,0.02352941],[0.05555556,0.11111111,0.,0.,0.,0.02777778,0.,0.08333333,0.08333333,0.,0.08333333,0.55555556]],[[0.11609194,0.12661469,0.0963262,0.10573966,0.0633146,0.05619484,0.06261531,0.0745112,0.09752423,0.06903792,0.06298587,0.06904353],[0.09525208,0.158926,0.11399223,0.09796254,0.06208702,0.05237145,0.06725047,0.0696064,0.08820055,0.07076563,0.06565264,0.05793301],[0.07244182,0.11600743,0.13836466,0.13550106,0.06591616,0.05004148,0.06180756,0.07408891,0.0922447,0.07091641,0.06673729,0.05593253],[0.06862884,0.08545055,0.11262656,0.16572105,0.07741154,0.05385733,0.06593335,0.07288609,0.10140687,0.07179166,0.07003069,0.05425547],[0.07133498,0.09223969,0.09640157,0.13338392,0.08979576,0.06528948,0.07002889,0.07651648,0.09443614,0.07641024,0.07630604,0.05785681],[0.07434479,0.0937802,0.08822695,0.11189169,0.07810774,0.08960722,0.08315515,0.07563009,0.09064409,0.07653013,0.0799471,0.05813486],[0.06731986,0.0981351,0.08817461,0.1109523,0.06778804,0.0677756,0.10899695,0.09563248,0.09752264,0.07356208,0.07300916,0.05113119],[0.06936099,0.08653285,0.09101892,0.1078321,0.06456355,0.05374369,0.08232258,0.12464141,0.12202969,0.07412124,0.06689382,0.05693916],[0.07400224,0.08892869,0.09104348,0.11868578,0.06287028,0.05101499,0.06695553,0.09701552,0.14713519,0.0863211,0.06245847,0.05356873],[0.06885021,0.09362973,0.09152098,0.10764129,0.06541383,0.05430883,0.06650305,0.07827951,0.11477129,0.11385795,0.08981157,0.05541176],[0.0658109,0.09345123,0.09015722,0.10857732,0.06937069,0.06045845,0.06974617,0.07517204,0.08742657,0.09305471,0.11852591,0.06824879],[0.08725592,0.10123457,0.09614957,0.10735677,0.06705699,0.05784064,0.06216556,0.07945468,0.0940498,0.07292787,0.08554241,0.08896522]],rock
rock.00007.wav,[[0.65734266,0.03496503,0.02097902,0.,0.04895105,0.12587413,0.02097902,0.03496503,0.04195804,0.,0.,0.01398601],[0.11111111,0.53703704,0.14814815,0.,0.05555556,0.01851852,0.01851852,0.,0.05555556,0.03703704,0.01851852,0.,],[0.01898734,0.05063291,0.73417722,0.03797468,0.01265823,0.01265823,0.,0.0443038,0.01898734,0.05063291,0.01265823,0.00632911],[0.03703704,0.,0.22222222,0.48148148,0.18518519,0.,0.,0.,0.,0.03703704,0.03703704,0.,],[0.03125,0.00390625,0.01953125,0.0234375,0.7890625,0.06640625,0.0078125,0.,0.0078125,0.03125,0.0078125,0.01171875],[0.04745763,0.00677966,0.01016949,0.,0.05084746,0.81355932,0.03050847,0.01016949,0.00338983,0.02711864,0.,0.,],[0.07142857,0.03571429,0.,0.,0.03571429,0.32142857,0.35714286,0.17857143,0.,0.,0.,0.,],[0.04878049,0.00813008,0.06504065,0.00813008,0.00813008,0.00813008,0.01626016,0.76422764,0.03252033,0.,0.,0.04065041],[0.04761905,0.04761905,0.02380952,0.,0.0952381,0.04761905,0.04761905,0.11904762,0.4047619,0.14285714,0.,0.02380952],[0.02479339,0.03305785,0.05785124,0.,0.11570248,0.02479339,0.,0.00826446,0.04132231,0.66115702,0.03305785,0.,],[0.,0.,0.,0.,0.0625,0.,0.,0.,0.0625,0.5,0.3125,0.0625,],[0.14285714,0.03571429,0.03571429,0.03571429,0.03571429,0.03571429,0.,0.10714286,0.,0.,0.03571429,0.53571429]],[[0.12919294,0.08837364,0.07458631,0.05548227,0.10303009,0.12240303,0.08559519,0.07497627,0.07349104,0.07212992,0.04414351,0.07659578],[0.10515221,0.10728006,0.10568691,0.06542698,0.09081269,0.09545089,0.07554233,0.07373377,0.08328104,0.087322,0.04803456,0.06227655],[0.0865988,0.10172433,0.13637623,0.08105668,0.08932198,0.08156108,0.06385912,0.07546167,0.08874869,0.09245901,0.04565462,0.0571778,],[0.0804585,0.079761,0.10252463,0.09128369,0.12730906,0.09905166,0.06128561,0.06497824,0.08373687,0.09336273,0.05357423,0.06267378],[0.08781506,0.06508008,0.06609354,0.07443345,0.16089654,0.13731379,0.06722812,0.05445047,0.07510032,0.08761285,0.05323713,0.07073865],[0.10531428,0.06821187,0.06066412,0.05810751,0.13678014,0.16857049,0.09250613,0.05800259,0.06559386,0.07442573,0.04450224,0.06732104],[0.10889804,0.07993194,0.07083292,0.05425563,0.09965933,0.13571287,0.10912339,0.09004638,0.07380015,0.06694539,0.04325352,0.06754043],[0.09692345,0.08182227,0.08728019,0.05990142,0.08274716,0.0859261,0.09150584,0.12436711,0.10115067,0.07203955,0.04572242,0.07061382],[0.08408863,0.07958649,0.08910426,0.06653887,0.10013069,0.08782801,0.06824153,0.09026118,0.10891841,0.10310556,0.05600992,0.06618645],[0.07974103,0.07998615,0.08821547,0.07000406,0.11249084,0.09548211,0.05939963,0.06245951,0.09904575,0.12308561,0.0664109,0.06367896],[0.08278441,0.07598048,0.07429632,0.06900037,0.11709514,0.09539046,0.0634126,0.06566989,0.09029293,0.11298711,0.07843155,0.07465873],[0.10876852,0.07464269,0.07030647,0.06212936,0.11807083,0.10919736,0.07368196,0.07609044,0.0807997,0.08132461,0.05631911,0.08866895]],rock
rock.00008.wav,[[0.60784314,0.09803922,0.05882353,0.,0.01960784,0.,0.03921569,0.,0.,0.05882353,0.01960784,0.09803922],[0.03157895,0.75263158,0.04736842,0.,0.02105263,0.,0.,0.03684211,0.06842105,0.03157895,0.00526316,0.00526316],[0.03488372,0.05813953,0.54651163,0.,0.01162791,0.01162791,0.02325581,0.25581395,0.03488372,0.,0.01162791,0.01162791],[0.,0.,0.03225806,0.41935484,0.03225806,0.,0.09677419,0.03225806,0.03225806,0.09677419,0.09677419,0.16129032],[0.,0.03636364,0.,0.,0.58181818,0.10909091,0.01818182,0.12727273,0.,0.05454545,0.01818182,0.05454545],[0.,0.,0.,0.,0.05263158,0.42105263,0.31578947,0.,0.,0.05263158,0.,0.15789474],[0.03846154,0.1025641,0.03846154,0.02564103,0.01282051,0.03846154,0.55128205,0.1025641,0.,0.03846154,0.01282051,0.03846154],[0.00387597,0.01550388,0.07364341,0.02325581,0.00775194,0.00387597,0.05813953,0.74418605,0.01162791,0.02325581,0.00387597,0.03100775],[0.,0.20689655,0.,0.01724138,0.,0.01724138,0.,0.05172414,0.51724138,0.13793103,0.01724138,0.03448276],[0.01440922,0.01729107,0.00576369,0.01729107,0.01440922,0.,0.,0.01440922,0.02017291,0.86743516,0.02881844,0.,],[0.,0.06451613,0.,0.,0.06451613,0.,0.06451613,0.09677419,0.,0.35483871,0.29032258,0.06451613],[0.02298851,0.03448276,0.02298851,0.03448276,0.05747126,0.,0.04597701,0.11494253,0.01149425,0.01149425,0.02298851,0.62068966]],[[0.09102757,0.09804552,0.08050904,0.07681604,0.071669,0.06362367,0.07714032,0.09665247,0.0879224,0.09574926,0.07841821,0.0824265,],[0.08192866,0.127509,0.08746769,0.07031596,0.06861411,0.06010566,0.07234264,0.09599012,0.09783666,0.09523894,0.07337094,0.06927963],[0.07494073,0.09672093,0.10020065,0.07979446,0.06974656,0.06351245,0.07980952,0.11088679,0.0882712,0.08838957,0.07265125,0.07507589],[0.07385589,0.08214973,0.08328887,0.08880512,0.07635867,0.06506269,0.08246115,0.10560894,0.08619962,0.09626039,0.07931481,0.08063413],[0.07241861,0.08353955,0.07716526,0.08081366,0.08819591,0.0726121,0.08119552,0.10501703,0.08471166,0.09750542,0.08006658,0.07675869],[0.0733967,0.08443252,0.07998646,0.07901026,0.08281635,0.0759822,0.08617631,0.10631327,0.08370912,0.09377176,0.0777334,0.07667166],[0.07274725,0.08342951,0.08271313,0.07937157,0.07447947,0.06868965,0.09973697,0.11746243,0.08135481,0.08687247,0.07545097,0.07769177],[0.06894452,0.08208888,0.08569102,0.0782269,0.07257207,0.06428565,0.08796984,0.1293944,0.0909566,0.08973889,0.07463754,0.07549371],[0.0719613,0.09616385,0.07745672,0.07357652,0.06891909,0.05901924,0.07073692,0.10387134,0.10950527,0.11530085,0.0820347,0.07145421],[0.06908911,0.08444156,0.06993786,0.07348468,0.07128217,0.05860558,0.0671232,0.09158566,0.10189412,0.14431405,0.09652022,0.07172178],[0.07111556,0.08156737,0.07292873,0.07638833,0.07356055,0.06117323,0.0736782,0.09760837,0.09273059,0.12264731,0.09592773,0.08067403],[0.07914875,0.0798629,0.07808535,0.08084884,0.07262471,0.0632619,0.07905145,0.10352003,0.08501547,0.09662012,0.08513402,0.09682644]],rock
rock.00009.wav,[[0.79061372,0.01083032,0.01444043,0.,0.00361011,0.05776173,0.03971119,0.06498195,0.,0.01083032,0.,0.00722022],[0.,0.64516129,0.06451613,0.,0.,0.,0.19354839,0.06451613,0.03225806,0.,0.,0.,],[0.03305785,0.01652893,0.74380165,0.00826446,0.,0.,0.01652893,0.05785124,0.,0.12396694,0.,0.,],[0.16666667,0.,0.16666667,0.66666667,0.,0.,0.,0.,0.,0.,0.,0.,],[0.015625,0.,0.,0.,0.796875,0.0625,0.0625,0.,0.015625,0.,0.,0.046875,],[0.06772908,0.,0.,0.,0.02390438,0.78087649,0.08366534,0.03187251,0.00796813,0.,0.,0.00398406],[0.08227848,0.01898734,0.,0.00632911,0.02531646,0.13924051,0.56962025,0.06962025,0.01898734,0.,0.,0.06962025],[0.07462687,0.01492537,0.039801,0.,0.,0.04975124,0.039801,0.73134328,0.04477612,0.00497512,0.,0.,],[0.125,0.,0.,0.,0.,0.03125,0.125,0.21875,0.4375,0.0625,0.,0.,],[0.01136364,0.,0.18181818,0.,0.,0.01136364,0.,0.01136364,0.02272727,0.76136364,0.,0.,],[0.,0.,0.,0.,0.,0.,0.,0.,0.,0.,0.,0.,],[0.01612903,0.,0.,0.,0.03225806,0.01612903,0.19354839,0.01612903,0.,0.,0.,0.72580645]],[[0.15947602,0.07263612,0.05349191,0.04438485,0.08087997,0.11969813,0.12971342,0.1164914,0.05825646,0.05085884,0.03089204,0.08322085],[0.12182063,0.08889741,0.08417278,0.04759992,0.06843641,0.101445,0.12534378,0.11830722,0.07383964,0.07238717,0.0330192,0.06473086],[0.08755295,0.08300025,0.12430575,0.05874861,0.06338624,0.08603308,0.11423517,0.106492,0.0836123,0.10102182,0.03607167,0.05554016],[0.0994478,0.06307083,0.08017873,0.06507403,0.09757646,0.12336435,0.13179833,0.1043632,0.06297292,0.06501613,0.03543486,0.07170236],[0.10697368,0.05347942,0.05101769,0.05817871,0.11805039,0.15506079,0.14747307,0.10963836,0.05195411,0.04055802,0.03043097,0.07718479],[0.11211796,0.05617859,0.04869621,0.05194484,0.1104777,0.15764162,0.15111263,0.11744759,0.05489791,0.04094209,0.02767012,0.07087273],[0.10853389,0.06190584,0.05776089,0.0496043,0.09412431,0.13556577,0.1501834,0.12463371,0.06494165,0.05246397,0.03033562,0.06994665],[0.11123712,0.06717738,0.06210806,0.04518855,0.08035066,0.12082289,0.14289848,0.14342184,0.07647216,0.05901434,0.02955812,0.0617504,],[0.09649723,0.07220762,0.08416056,0.04702317,0.06492767,0.09661039,0.12649077,0.1309069,0.09812783,0.09103665,0.03626057,0.05575066],[0.0896158,0.07632401,0.1088818,0.0522267,0.05539556,0.07854011,0.11037999,0.11000461,0.09872441,0.12185244,0.04265851,0.05539606],[0.10575422,0.06658784,0.07613136,0.05497241,0.07975669,0.10278291,0.12469589,0.10622999,0.07432433,0.08008774,0.04600928,0.08266732],[0.13387147,0.06181584,0.05508828,0.05126444,0.09293314,0.12078118,0.13450598,0.10314863,0.05316309,0.04988813,0.03877694,0.10476285]],rock
rock.00010.wav,[[0.46341463,0.04878049,0.02439024,0.04878049,0.,0.02439024,0.02439024,0.14634146,0.,0.07317073,0.,0.14634146],[0.06930693,0.55445545,0.12871287,0.00990099,0.00990099,0.,0.03960396,0.04950495,0.05940594,0.04950495,0.01980198,0.00990099],[0.01554404,0.07772021,0.7253886,0.02590674,0.00518135,0.,0.00518135,0.04663212,0.00518135,0.05181347,0.01554404,0.02590674],[0.08,0.04,0.16,0.44,0.04,0.04,0.08,0.,0.04,0.04,0.04,0.,],[0.,0.02040816,0.04081633,0.04081633,0.53061224,0.04081633,0.,0.06122449,0.08163265,0.18367347,0.,0.,],[0.,0.,0.08,0.,0.16,0.44,0.04,0.04,0.04,0.2,0.,0.,],[0.01176471,0.03529412,0.07058824,0.,0.02352941,0.03529412,0.68235294,0.09411765,0.,0.,0.03529412,0.01176471],[0.00952381,0.04285714,0.05238095,0.0047619,0.01428571,0.00952381,0.06666667,0.60952381,0.07142857,0.05238095,0.01904762,0.04761905],[0.04545455,0.04545455,0.06060606,0.,0.01515152,0.03030303,0.03030303,0.31818182,0.37878788,0.07575758,0.,0.,],[0.,0.02592593,0.02222222,0.00740741,0.02962963,0.00740741,0.,0.06296296,0.03333333,0.76296296,0.04074074,0.00740741],[0.01612903,0.03225806,0.01612903,0.01612903,0.,0.01612903,0.,0.12903226,0.,0.16129032,0.5,0.11290323],[0.02439024,0.01219512,0.01829268,0.,0.01219512,0.,0.00609756,0.02439024,0.02439024,0.0304878,0.04268293,0.80487805]],[[0.09830242,0.0910969,0.09240388,0.05944908,0.05977931,0.0518489,0.07619379,0.08914252,0.08547357,0.09843346,0.08958967,0.10828649],[0.07733973,0.11086962,0.10970407,0.06357258,0.06318807,0.05203752,0.07747024,0.09331452,0.09650213,0.10205964,0.07534247,0.07859942],[0.07027632,0.10031009,0.12707454,0.07297655,0.06419521,0.05321227,0.07764154,0.09070555,0.0888304,0.10276266,0.07546963,0.07654524],[0.06823242,0.08721452,0.110071,0.08021496,0.07619369,0.05957237,0.07494713,0.08922724,0.09018313,0.1072058,0.08174397,0.07519376],[0.06472317,0.08439017,0.09416648,0.07344781,0.08890107,0.06508185,0.07415284,0.08868974,0.09537448,0.11470823,0.08305384,0.07331033],[0.06589193,0.08230288,0.09261717,0.06694452,0.07815956,0.07268638,0.08983166,0.09628111,0.09176081,0.10593328,0.08201331,0.0755774,],[0.06780883,0.08557089,0.0955818,0.05964624,0.06298782,0.06541735,0.10644988,0.11301579,0.09284793,0.09706754,0.07516923,0.07843669],[0.06681055,0.08460628,0.09232505,0.05883943,0.06076648,0.05799185,0.09649909,0.12723637,0.10517303,0.09794581,0.0751339,0.07667216],[0.06515254,0.08827839,0.09023712,0.05950232,0.06468754,0.05388865,0.07983315,0.10923443,0.11285304,0.11825755,0.08356207,0.07451322],[0.06373916,0.08172102,0.08948592,0.06197955,0.06874044,0.05321154,0.06984787,0.08753639,0.10434624,0.14197449,0.10009015,0.0773272,],[0.07392896,0.0773905,0.08347745,0.06027253,0.06499821,0.0537584,0.06880698,0.08519127,0.09541825,0.12896859,0.1108612,0.09692766],[0.09096487,0.08140896,0.08676013,0.05702987,0.05944825,0.05155391,0.07405893,0.08673686,0.08608502,0.103541,0.10088411,0.12152808]],rock
rock.00011.wav,[[0.76821192,0.01324503,0.01324503,0.01986755,0.,0.01324503,0.00662252,0.03311258,0.09933775,0.00662252,0.00662252,0.01986755],[0.04477612,0.73134328,0.02985075,0.,0.,0.,0.01492537,0.01492537,0.11940299,0.04477612,0.,0.,],[0.,0.16666667,0.5,0.16666667,0.,0.,0.,0.11111111,0.05555556,0.,0.,0.,],[0.02097902,0.01398601,0.00699301,0.79020979,0.01398601,0.,0.,0.00699301,0.11188811,0.00699301,0.02797203,0.,],[0.11111111,0.,0.,0.33333333,0.33333333,0.,0.11111111,0.,0.11111111,0.,0.,0.,],[0.02247191,0.01123596,0.,0.02247191,0.01123596,0.69662921,0.03370787,0.01123596,0.12359551,0.01123596,0.03370787,0.02247191],[0.,0.04347826,0.,0.,0.04347826,0.30434783,0.30434783,0.08695652,0.2173913,0.,0.,0.,],[0.03921569,0.,0.01960784,0.04901961,0.00980392,0.02941176,0.03921569,0.54901961,0.17647059,0.02941176,0.05882353,0.,],[0.01677149,0.01886792,0.00419287,0.02096436,0.00209644,0.02096436,0.00838574,0.05870021,0.76310273,0.04192872,0.03563941,0.00838574],[0.14285714,0.,0.,0.04761905,0.,0.,0.,0.02380952,0.45238095,0.16666667,0.16666667,0.,],[0.01935484,0.,0.,0.01290323,0.,0.03225806,0.00645161,0.03225806,0.10322581,0.04516129,0.72903226,0.01935484],[0.33333333,0.,0.,0.,0.,0.,0.06666667,0.,0.2,0.,0.2,0.2,]],[[0.13648913,0.09395017,0.06989253,0.07682361,0.05588364,0.05810929,0.05351792,0.08204761,0.12832776,0.08498993,0.07617688,0.08379153],[0.1224562,0.10527675,0.0826252,0.0811673,0.05547419,0.05670364,0.05374314,0.08120688,0.13278079,0.08411006,0.06948134,0.0749745,],[0.09574104,0.08715121,0.09474506,0.10627224,0.06479253,0.05552282,0.05321372,0.08889673,0.13328533,0.08405904,0.07001463,0.06630565],[0.08582991,0.06961885,0.08551456,0.13561207,0.07734385,0.05539368,0.05108488,0.0844776,0.13912647,0.08540152,0.06922589,0.06137073],[0.09031447,0.06814545,0.07543279,0.11106233,0.08108742,0.07828255,0.06280693,0.08196232,0.12519662,0.08491377,0.07497828,0.06581707],[0.08870486,0.0654593,0.06169289,0.07583646,0.07479903,0.11499076,0.08319874,0.08273483,0.12219896,0.08416889,0.07886193,0.06735336],[0.08489886,0.06418039,0.06127445,0.07361021,0.06393542,0.08952934,0.08534542,0.10325665,0.13861095,0.09168958,0.07720399,0.06646474],[0.08037598,0.06158002,0.06377383,0.07406459,0.05104034,0.05651034,0.06636535,0.13010813,0.16993731,0.10213476,0.07873402,0.06537533],[0.08057785,0.06389552,0.05987654,0.0765474,0.0489304,0.05100968,0.05589633,0.1138414,0.1941582,0.11420459,0.07717972,0.06388237],[0.08084444,0.06037289,0.05669024,0.07225596,0.05085144,0.0545656,0.05669781,0.10206525,0.1720892,0.12203384,0.09914707,0.07238626],[0.08621844,0.05877958,0.05579799,0.06840777,0.05173392,0.05917212,0.05565186,0.08902123,0.13467567,0.11325038,0.13534577,0.09194527],[0.11073807,0.07566029,0.06347613,0.07168079,0.05271724,0.05686434,0.05551761,0.08711427,0.13061009,0.09751783,0.10505064,0.09305272]],rock
rock.00012.wav,[[0.39325843,0.13483146,0.05617978,0.02247191,0.04494382,0.02247191,0.04494382,0.03370787,0.08988764,0.03370787,0.02247191,0.1011236,],[0.0430622,0.74641148,0.03827751,0.01435407,0.00478469,0.00956938,0.01913876,0.,0.02870813,0.05263158,0.02870813,0.01435407],[0.04,0.09,0.78,0.03,0.,0.,0.03,0.,0.01,0.01,0.01,0.,],[0.,0.13043478,0.04347826,0.39130435,0.2173913,0.,0.,0.,0.04347826,0.,0.04347826,0.13043478],[0.03030303,0.01515152,0.,0.00757576,0.78787879,0.01515152,0.01515152,0.,0.00757576,0.0530303,0.02272727,0.04545455],[0.07692308,0.03846154,0.,0.,0.11538462,0.34615385,0.11538462,0.,0.07692308,0.07692308,0.11538462,0.03846154],[0.02890173,0.00578035,0.,0.,0.01156069,0.01734104,0.83815029,0.02890173,0.01156069,0.02890173,0.00578035,0.02312139],[0.10526316,0.05263158,0.,0.,0.05263158,0.05263158,0.10526316,0.21052632,0.31578947,0.05263158,0.,0.05263158],[0.,0.04375,0.,0.0125,0.025,0.0125,0.025,0.04375,0.68125,0.0875,0.01875,0.05,],[0.,0.03521127,0.01408451,0.01408451,0.04225352,0.01408451,0.00704225,0.,0.11267606,0.5915493,0.13380282,0.03521127],[0.04878049,0.1097561,0.03658537,0.,0.02439024,0.01219512,0.02439024,0.,0.02439024,0.14634146,0.31707317,0.25609756],[0.17647059,0.02205882,0.02205882,0.00735294,0.,0.01470588,0.02205882,0.,0.03676471,0.02205882,0.125,0.55147059]],[[0.11212409,0.1186756,0.08901891,0.06803117,0.06225331,0.06003552,0.06035895,0.06148797,0.08308139,0.09270143,0.08869526,0.1035364,],[0.0968108,0.15103713,0.11949234,0.07743137,0.05747224,0.05381334,0.05433066,0.05531779,0.08044085,0.09310687,0.08185419,0.07889243],[0.08764764,0.13802548,0.12949957,0.09394322,0.06420858,0.05464164,0.05282014,0.05357922,0.07692221,0.09107773,0.08105654,0.07657802],[0.08032538,0.10542966,0.10809408,0.10308433,0.08943622,0.06547927,0.05441929,0.05566228,0.07966978,0.09414578,0.08413134,0.0801226,],[0.07407975,0.07818546,0.0732232,0.08621931,0.12586768,0.09129231,0.06110255,0.05684587,0.07630882,0.10058133,0.09249022,0.0838035,],[0.07679187,0.07903564,0.06899266,0.07035914,0.09849499,0.09746248,0.09424561,0.07113267,0.07848884,0.09267677,0.08826472,0.0840546,],[0.07464261,0.07870293,0.06591398,0.05906418,0.06685684,0.09272142,0.14353216,0.09596746,0.08671584,0.08356492,0.07497413,0.07734353],[0.07727111,0.08289484,0.06878542,0.06187747,0.06501885,0.07398934,0.09950523,0.09225157,0.11140143,0.10368248,0.08253608,0.08078619],[0.07433437,0.08552159,0.07069308,0.06328969,0.06364968,0.06021514,0.06726247,0.08381761,0.13424662,0.1291576,0.08948531,0.07832686],[0.07478447,0.0875436,0.07456309,0.06612228,0.0709345,0.06049235,0.05604109,0.06717298,0.1118627,0.13886233,0.10737167,0.08424894],[0.08658917,0.09043523,0.07771347,0.06801822,0.0707142,0.06173663,0.05541117,0.05965934,0.08733766,0.11723746,0.11744662,0.10770084],[0.10684135,0.09422755,0.07644475,0.06542457,0.06636688,0.06126755,0.05935964,0.06068662,0.08109112,0.09626122,0.10534681,0.12668194]],rock
rock.00013.wav,[[0.74789916,0.04201681,0.00840336,0.02521008,0.,0.01680672,0.,0.02521008,0.,0.00840336,0.03361345,0.09243697],[0.15384615,0.30769231,0.38461538,0.,0.,0.,0.,0.07692308,0.,0.,0.07692308,0.,],[0.01273885,0.00636943,0.67515924,0.13375796,0.,0.07643312,0.00636943,0.01910828,0.,0.01910828,0.04458599,0.00636943],[0.00928793,0.00309598,0.05572755,0.82352941,0.00928793,0.01857585,0.00309598,0.,0.00309598,0.0247678,0.0371517,0.0123839,],[0.,0.,0.25,0.5,0.,0.25,0.,0.,0.,0.,0.,0.,],[0.01234568,0.01234568,0.07407407,0.06790123,0.00617284,0.71604938,0.,0.04938272,0.,0.00617284,0.03703704,0.01851852],[0.,0.,0.09090909,0.,0.,0.27272727,0.27272727,0.09090909,0.09090909,0.,0.18181818,0.,],[0.03125,0.,0.03125,0.0078125,0.,0.0390625,0.0390625,0.7109375,0.046875,0.0078125,0.0859375,0.,],[0.,0.,0.,0.,0.,0.0625,0.,0.25,0.1875,0.3125,0.1875,0.,],[0.,0.,0.02272727,0.10227273,0.,0.02272727,0.,0.02272727,0.03409091,0.63636364,0.125,0.03409091],[0.02145923,0.,0.02575107,0.03433476,0.,0.0472103,0.00429185,0.05579399,0.00858369,0.05150215,0.7167382,0.03433476],[0.35135135,0.,0.02702703,0.05405405,0.,0.08108108,0.,0.05405405,0.,0.02702703,0.21621622,0.18918919]],[[0.10047519,0.08035609,0.09735119,0.09553175,0.08410276,0.09422895,0.07023981,0.06959369,0.06031165,0.07083329,0.0891993,0.08777633],[0.07707214,0.08133861,0.1119576,0.10895922,0.09246637,0.09885239,0.06981729,0.06575918,0.05912785,0.07194114,0.08825314,0.07445508],[0.06544197,0.0768696,0.12302116,0.12108516,0.09559497,0.09802217,0.06848069,0.06428592,0.05782258,0.07190004,0.0887447,0.06873103],[0.06349259,0.07466304,0.11975695,0.13567562,0.10295376,0.09746675,0.06554535,0.06041006,0.05415573,0.06939733,0.08894119,0.06754162],[0.0649711,0.07444819,0.11205622,0.12148862,0.10137298,0.10389424,0.07014795,0.0645706,0.05745436,0.07171334,0.08911383,0.06876856],[0.06643971,0.07301782,0.10586211,0.10585144,0.09523382,0.11194835,0.07662369,0.07040846,0.06113684,0.07284971,0.0902506,0.07037745],[0.0657818,0.06781736,0.09794471,0.09501588,0.08606896,0.10286304,0.08385601,0.08617793,0.0729978,0.07887642,0.09167178,0.07092832],[0.06640578,0.0644309,0.09154649,0.08761646,0.07956683,0.0952247,0.08677396,0.09740779,0.08209226,0.0838713,0.09325226,0.07181127],[0.06414242,0.0640043,0.09133236,0.08675492,0.07872799,0.09271596,0.08263042,0.09227443,0.08598406,0.09363203,0.0965848,0.07121631],[0.06212671,0.06445244,0.09468937,0.09188607,0.08105037,0.09206023,0.07391593,0.07797192,0.07739071,0.10052245,0.11053669,0.07339711],[0.06443496,0.06488467,0.09516064,0.0961222,0.08212147,0.09315597,0.07038033,0.0714927,0.06704554,0.09150326,0.12282897,0.0808693,],[0.08320298,0.07171948,0.09543472,0.09491145,0.08293544,0.09386546,0.07138387,0.07168303,0.06382042,0.07896588,0.10397268,0.08810459]],rock
